126
128
197
200
13
23
113
96
202
216
218
165
73
28
97
174
176
182
144
33
226
102
160
124
227
55
99
188
56
9
30
92
161
61
60
138
94
8
101
119
156
213
219
233
98
167
163
4
166
46
32
81
39
134
111
120
52
85
172
206
178
189
25
157
175
152
65
67
0
207
10
210
47
185
74
162
196
117
95
40
53
231
211
105
79
86
54
29
214
43
208
12
147
87
151
133
192
139
118
171
131
224
155
150
114
154
223
104
115
77
132
186
179
158
36
48
125
15
45
201
232
84
159
75
222
228
49
1
170
14
37
149
57
212
194
7
195
180
148
106
112
141
191
71
17
20
164
168
203
6
121
177
51
145
34
225
221
64
108
110
21
146
59
229
142
183
72
109
181
93
205
230
103